0,0,1774757620,15684926668021888608,0,

1,15684926668021888608,1774757620,15611765258404409463,0,Alice->Bob:10;Bob->Charlie:5;

0,0,1774808407,0000d944bfb519c50102ccf2b8caa3d8366c375ee9516d9f27c86279bb609f1a,71848,

1,0000d944bfb519c50102ccf2b8caa3d8366c375ee9516d9f27c86279bb609f1a,1774808407,357440a9d9188a94157705e5fb8cbec6fb42e9f0bb6e6c6848d94cab40524e3a,1474125393,

0,0,1774808427,000069df325ef834dc7a34eb9a303ba7fd20a6caf347e85f3eff910e83f9d1f8,114239,

1,000069df325ef834dc7a34eb9a303ba7fd20a6caf347e85f3eff910e83f9d1f8,1774808427,c3bba2bd74a49fce50324ecbfad29f6e7a388e0033874b0bb1697053396b401b,-1919390127,

0,0,1774808563,0000a1d03fcdd9ae71103d3511a798fc7293b0517276c76659fae980274dd291,19127,

1,0000a1d03fcdd9ae71103d3511a798fc7293b0517276c76659fae980274dd291,1774808563,d75c0d1e47f28d5f036c467c097fd83e84e4ed15db421d72a89c7a822be3b7f2,0,

0,0,1774808744,000084ceabad45c02fbfda9850cbc99ae11807dc4612590d77006517c5a19a49,18935,

1,000084ceabad45c02fbfda9850cbc99ae11807dc4612590d77006517c5a19a49,1774808744,46747d2529547d58a8395114a5471dd4f4954561c8d927426e4f3b6baab9be54,0,

